ans =

  -2.3010e+00
  -1.0072e+01
  -3.0807e+00
   4.6390e+00
   6.3175e+00
  -4.5176e+00
   6.8852e+00
  -3.0956e-01
   8.1455e+00
   1.0221e+00
   2.3096e+00
  -3.5255e+00
   7.2220e+00
   8.8315e+00
  -1.6880e+00
   3.9420e+00
  -2.9118e-01
  -1.7442e+00
   8.1336e+00
   2.9932e-01
  -2.6364e+00
   6.5896e+00
  -4.8964e+00
  -9.1988e+00
   4.8051e+00
   1.7748e+00
   4.0669e-01
   1.8590e+00
  -2.2848e+00
  -4.0677e+00
   2.1658e+00
   3.9462e+00
  -1.6966e+00
  -4.3915e-01
  -2.5249e+00
  -3.3742e+00
   1.7526e+00
   4.3747e+00
  -1.3616e+00
  -2.9533e+00
   3.4865e+00
  -5.0904e+00
   7.5262e+00
   9.1104e-03
  -5.4017e+00
  -1.8402e+00
   4.9537e+00
   1.2476e+01
   7.1364e+00
   1.1592e+01
   6.2676e+00
   7.6014e+00
   2.2542e+00
  -5.8732e+00
  -4.7565e+00
  -2.8852e+00
   8.8500e+00
   8.1759e-01
   4.2188e+00
   5.4516e+00
   7.6659e+00
  -8.4110e+00
  -5.6500e+00
  -8.9707e+00
  -2.5615e+00
  -3.1555e+00
   2.8330e+00
  -4.5880e+00
   9.9537e+00
   8.9200e-01
  -9.6877e+00
   3.7668e+00
   9.1460e+00
   2.0336e+00
   2.2569e+00
   1.0007e+01
   2.4115e+00
   5.1831e-01
  -4.1293e+00
   4.0323e-01
   7.2391e+00
   3.6026e+00
   2.1379e+00
  -1.3665e+00
   9.7388e+00
   6.2039e+00
  -5.9902e-01
   8.6226e+00
   1.0528e+01
  -2.1222e+00
   9.7893e+00
   1.1123e+01
  -6.5527e+00
   7.2954e+00
   2.5061e+00
   1.8040e+00
   1.1034e+00
   9.1769e+00
  -6.6651e-01
   8.2976e+00

